time	time	departures_all	arrivals_all	stuck_all	en-route_all	departures_pt	arrivals_pt	stuck_pt	en-route_pt	departures_walk	arrivals_walk	stuck_walk	en-route_walk
00:00:00	0	387	12	0	375	12	0	0	12	375	12	0	363
00:05:00	300	459	121	0	713	107	14	0	105	352	107	0	608
00:10:00	600	656	328	0	1041	273	52	0	326	383	276	0	715
00:15:00	900	1007	679	0	1369	470	199	0	597	537	480	0	772
00:20:00	1200	658	353	0	1674	325	0	0	922	333	353	0	752
00:25:00	1500	669	366	0	1977	319	0	0	1241	350	366	0	736
00:30:00	1800	1142	851	0	2268	535	289	0	1487	607	562	0	781
00:35:00	2100	1886	1573	0	2581	785	742	0	1530	1101	831	0	1051
00:40:00	2400	1500	1279	0	2802	600	564	0	1566	900	715	0	1236
00:45:00	2700	1628	1530	0	2900	583	692	0	1457	1045	838	0	1443
00:50:00	3000	1047	1013	0	2934	467	211	0	1713	580	802	0	1221
00:55:00	3300	665	639	0	2960	336	0	0	2049	329	639	0	911
01:00:00	3600	1287	1117	0	3130	567	365	0	2251	720	752	0	879
01:05:00	3900	1963	1650	0	3443	770	813	0	2208	1193	837	0	1235
01:10:00	4200	1487	1269	0	3661	606	519	0	2295	881	750	0	1366
01:15:00	4500	1672	1615	0	3718	577	730	0	2142	1095	885	0	1576
01:20:00	4800	1047	1071	0	3694	472	217	0	2397	575	854	0	1297
01:25:00	5100	674	639	0	3729	327	0	0	2724	347	639	0	1005
01:30:00	5400	1292	1156	0	3865	564	367	0	2921	728	789	0	944
01:35:00	5700	1925	1633	0	4157	802	754	0	2969	1123	879	0	1188
01:40:00	6000	1547	1361	0	4343	641	561	0	3049	906	800	0	1294
01:45:00	6300	1661	1610	0	4394	609	721	0	2937	1052	889	0	1457
01:50:00	6600	1051	1059	0	4386	467	239	0	3165	584	820	0	1221
01:55:00	6900	696	627	0	4455	343	0	0	3508	353	627	0	947
02:00:00	7200	1229	1108	0	4576	551	351	0	3708	678	757	0	868
02:05:00	7500	1909	1634	0	4851	747	805	0	3650	1162	829	0	1201
02:10:00	7800	1510	1333	0	5028	602	549	0	3703	908	784	0	1325
02:15:00	8100	1672	1576	0	5124	572	714	0	3561	1100	862	0	1563
02:20:00	8400	1045	1049	0	5120	460	216	0	3805	585	833	0	1315
02:25:00	8700	719	692	0	5147	361	0	0	4166	358	692	0	981
02:30:00	9000	1268	1123	0	5292	552	351	0	4367	716	772	0	925
02:35:00	9300	1914	1680	0	5526	792	799	0	4360	1122	881	0	1166
02:40:00	9600	1543	1361	0	5708	613	583	0	4390	930	778	0	1318
02:45:00	9900	1656	1643	0	5721	582	748	0	4224	1074	895	0	1497
02:50:00	10200	1069	1084	0	5706	479	238	0	4465	590	846	0	1241
02:55:00	10500	692	656	0	5742	345	0	0	4810	347	656	0	932
03:00:00	10800	1287	1113	0	5916	532	373	0	4969	755	740	0	947
03:05:00	11100	1896	1595	0	6217	759	759	0	4969	1137	836	0	1248
03:10:00	11400	1537	1349	0	6405	637	558	0	5048	900	791	0	1357
03:15:00	11700	1690	1667	0	6428	591	753	0	4886	1099	914	0	1542
03:20:00	12000	1076	1068	0	6436	478	226	0	5138	598	842	0	1298
03:25:00	12300	700	662	0	6474	354	0	0	5492	346	662	0	982
03:30:00	12600	1254	1153	0	6575	574	355	0	5711	680	798	0	864
03:35:00	12900	1916	1657	0	6834	775	797	0	5689	1141	860	0	1145
03:40:00	13200	1559	1358	0	7035	605	601	0	5693	954	757	0	1342
03:45:00	13500	1671	1612	0	7094	589	712	0	5570	1082	900	0	1524
03:50:00	13800	1078	1085	0	7087	467	236	0	5801	611	849	0	1286
03:55:00	14100	708	667	0	7128	351	0	0	6152	357	667	0	976
04:00:00	14400	1244	1105	0	7267	542	361	0	6333	702	744	0	934
04:05:00	14700	1956	1675	0	7548	801	799	0	6335	1155	876	0	1213
04:10:00	15000	1561	1367	0	7742	641	553	0	6423	920	814	0	1319
04:15:00	15300	1725	1655	0	7812	584	744	0	6263	1141	911	0	1549
04:20:00	15600	1096	1086	0	7822	499	249	0	6513	597	837	0	1309
04:25:00	15900	695	676	0	7841	365	0	0	6878	330	676	0	963
04:30:00	16200	1326	1200	0	7967	578	401	0	7055	748	799	0	912
04:35:00	16500	1913	1636	0	8244	769	784	0	7040	1144	852	0	1204
04:40:00	16800	1543	1343	0	8444	631	563	0	7108	912	780	0	1336
04:45:00	17100	1638	1555	0	8527	569	716	0	6961	1069	839	0	1566
04:50:00	17400	1074	1129	0	8472	484	247	0	7198	590	882	0	1274
04:55:00	17700	675	669	0	8478	347	0	0	7545	328	669	0	933
05:00:00	18000	1256	1126	0	8608	559	362	0	7742	697	764	0	866
05:05:00	18300	1891	1641	0	8858	750	803	0	7689	1141	838	0	1169
05:10:00	18600	1541	1369	0	9030	620	579	0	7730	921	790	0	1300
05:15:00	18900	1667	1624	0	9073	574	736	0	7568	1093	888	0	1505
05:20:00	19200	1000	1042	0	9031	449	211	0	7806	551	831	0	1225
05:25:00	19500	654	632	0	9053	323	0	0	8129	331	632	0	924
05:30:00	19800	1203	1103	0	9153	537	354	0	8312	666	749	0	841
05:35:00	20100	1909	1615	0	9447	755	789	0	8278	1154	826	0	1169
05:40:00	20400	1516	1323	0	9640	604	575	0	8307	912	748	0	1333
05:45:00	20700	1615	1613	0	9642	548	736	0	8119	1067	877	0	1523
05:50:00	21000	1055	1045	0	9652	470	222	0	8367	585	823	0	1285
05:55:00	21300	713	673	0	9692	362	0	0	8729	351	673	0	963
06:00:00	21600	1230	1118	0	9804	534	368	0	8895	696	750	0	909
06:05:00	21900	1926	1658	0	10072	769	802	0	8862	1157	856	0	1210
06:10:00	22200	1515	1349	0	10238	620	561	0	8921	895	788	0	1317
06:15:00	22500	1683	1633	0	10288	550	758	0	8713	1133	875	0	1575
06:20:00	22800	1070	1113	0	10245	501	242	0	8972	569	871	0	1273
06:25:00	23100	670	709	0	10206	351	0	0	9323	319	709	0	883
06:30:00	23400	1228	1068	0	10366	517	353	0	9487	711	715	0	879
06:35:00	23700	1930	1646	0	10650	767	798	0	9456	1163	848	0	1194
06:40:00	24000	1541	1334	0	10857	624	570	0	9510	917	764	0	1347
06:45:00	24300	1653	1613	0	10897	582	716	0	9376	1071	897	0	1521
06:50:00	24600	1105	1131	0	10871	498	237	0	9637	607	894	0	1234
06:55:00	24900	691	639	0	10923	349	0	0	9986	342	639	0	937
07:00:00	25200	1195	1082	0	11036	541	351	0	10176	654	731	0	860
07:05:00	25500	1928	1647	0	11317	775	800	0	10151	1153	847	0	1166
07:10:00	25800	1425	1282	0	11460	582	547	0	10186	843	735	0	1274
07:15:00	26100	1664	1628	0	11496	569	734	0	10021	1095	894	0	1475
07:20:00	26400	1039	1057	0	11478	460	229	0	10252	579	828	0	1226
07:25:00	26700	715	638	0	11555	331	0	0	10583	384	638	0	972
07:30:00	27000	1283	1115	0	11723	571	355	0	10799	712	760	0	924
07:35:00	27300	1898	1613	0	12008	740	802	0	10737	1158	811	0	1271
07:40:00	27600	1555	1398	0	12165	649	578	0	10808	906	820	0	1357
07:45:00	27900	1584	1591	0	12158	549	704	0	10653	1035	887	0	1505
07:50:00	28200	1046	1072	0	12132	461	237	0	10877	585	835	0	1255
07:55:00	28500	674	661	0	12145	328	0	0	11205	346	661	0	940
08:00:00	28800	1200	1052	0	12293	534	327	0	11412	666	725	0	881
08:05:00	29100	1860	1624	0	12529	740	805	0	11347	1120	819	0	1182
08:10:00	29400	1526	1322	0	12733	609	554	0	11402	917	768	0	1331
08:15:00	29700	1651	1619	0	12765	589	718	0	11273	1062	901	0	1492
08:20:00	30000	1062	1057	0	12770	471	213	0	11531	591	844	0	1239
08:25:00	30300	713	656	0	12827	364	0	0	11895	349	656	0	932
08:30:00	30600	1297	1173	0	12951	572	402	0	12065	725	771	0	886
08:35:00	30900	1917	1660	0	13208	783	802	0	12046	1134	858	0	1162
08:40:00	31200	1466	1323	0	13351	608	538	0	12116	858	785	0	1235
08:45:00	31500	1673	1614	0	13410	568	758	0	11926	1105	856	0	1484
08:50:00	31800	1045	1060	0	13395	477	242	0	12161	568	818	0	1234
08:55:00	32100	638	626	0	13407	301	0	0	12462	337	626	0	945
09:00:00	32400	1268	1147	0	13528	548	366	0	12644	720	781	0	884
09:05:00	32700	1859	1594	0	13793	733	781	0	12596	1126	813	0	1197
09:10:00	33000	1566	1347	0	14012	630	570	0	12656	936	777	0	1356
09:15:00	33300	1678	1621	0	14069	571	733	0	12494	1107	888	0	1575
09:20:00	33600	998	1023	0	14044	448	206	0	12736	550	817	0	1308
09:25:00	33900	711	711	0	14044	376	0	0	13112	335	711	0	932
09:30:00	34200	1218	1109	0	14153	527	364	0	13275	691	745	0	878
09:35:00	34500	1925	1671	0	14407	773	819	0	13229	1152	852	0	1178
09:40:00	34800	1464	1268	0	14603	580	521	0	13288	884	747	0	1315
09:45:00	35100	1701	1663	0	14641	584	746	0	13126	1117	917	0	1515
09:50:00	35400	1056	1057	0	14640	485	226	0	13385	571	831	0	1255
09:55:00	35700	760	706	0	14694	352	0	0	13737	408	706	0	957
10:00:00	36000	1253	1079	0	14868	546	358	0	13925	707	721	0	943
10:05:00	36300	1946	1682	0	15132	804	799	0	13930	1142	883	0	1202
10:10:00	36600	1568	1366	0	15334	649	574	0	14005	919	792	0	1329
10:15:00	36900	1665	1639	0	15360	575	751	0	13829	1090	888	0	1531
10:20:00	37200	1000	1044	0	15316	447	216	0	14060	553	828	0	1256
10:25:00	37500	674	650	0	15340	326	0	0	14386	348	650	0	954
10:30:00	37800	1350	1218	0	15472	606	397	0	14595	744	821	0	877
10:35:00	38100	1918	1646	0	15744	782	798	0	14579	1136	848	0	1165
10:40:00	38400	1572	1361	0	15955	615	582	0	14612	957	779	0	1343
10:45:00	38700	1678	1641	0	15992	587	745	0	14454	1091	896	0	1538
10:50:00	39000	1032	1061	0	15963	463	223	0	14694	569	838	0	1269
10:55:00	39300	729	680	0	16012	348	0	0	15042	381	680	0	970
11:00:00	39600	1267	1131	0	16148	556	365	0	15233	711	766	0	915
11:05:00	39900	1880	1640	0	16388	744	806	0	15171	1136	834	0	1217
11:10:00	40200	1527	1354	0	16561	632	554	0	15249	895	800	0	1312
11:15:00	40500	1665	1648	0	16578	561	770	0	15040	1104	878	0	1538
11:20:00	40800	1042	1041	0	16579	455	220	0	15275	587	821	0	1304
11:25:00	41100	673	663	0	16589	341	0	0	15616	332	663	0	973
11:30:00	41400	1247	1129	0	16707	556	343	0	15829	691	786	0	878
11:35:00	41700	1951	1670	0	16988	777	819	0	15787	1174	851	0	1201
11:40:00	42000	1504	1315	0	17177	612	562	0	15837	892	753	0	1340
11:45:00	42300	1673	1656	0	17194	592	731	0	15698	1081	925	0	1496
11:50:00	42600	1026	1070	0	17150	487	232	0	15953	539	838	0	1197
11:55:00	42900	646	641	0	17155	309	0	0	16262	337	641	0	893
12:00:00	43200	1225	1080	0	17300	521	352	0	16431	704	728	0	869
12:05:00	43500	1863	1586	0	17577	726	786	0	16371	1137	800	0	1206
12:10:00	43800	1536	1364	0	17749	628	580	0	16419	908	784	0	1330
12:15:00	44100	1621	1628	0	17742	562	744	0	16237	1059	884	0	1505
12:20:00	44400	1096	1141	0	17697	495	269	0	16463	601	872	0	1234
12:25:00	44700	643	640	0	17700	307	0	0	16770	336	640	0	930
12:30:00	45000	1250	1106	0	17844	536	365	0	16941	714	741	0	903
12:35:00	45300	1913	1647	0	18110	748	803	0	16886	1165	844	0	1224
12:40:00	45600	1507	1352	0	18265	615	569	0	16932	892	783	0	1333
12:45:00	45900	1669	1597	0	18337	591	700	0	16823	1078	897	0	1514
12:50:00	46200	1036	1104	0	18269	473	229	0	17067	563	875	0	1202
12:55:00	46500	698	639	0	18328	335	0	0	17402	363	639	0	926
13:00:00	46800	1213	1056	0	18485	532	341	0	17593	681	715	0	892
13:05:00	47100	1995	1713	0	18767	811	826	0	17578	1184	887	0	1189
13:10:00	47400	1519	1319	0	18967	616	560	0	17634	903	759	0	1333
13:15:00	47700	1690	1649	0	19008	589	752	0	17471	1101	897	0	1537
13:20:00	48000	1012	1078	0	18942	467	227	0	17711	545	851	0	1231
13:25:00	48300	701	665	0	18978	340	0	0	18051	361	665	0	927
13:30:00	48600	1202	1071	0	19109	523	349	0	18225	679	722	0	884
13:35:00	48900	1934	1640	0	19403	757	802	0	18180	1177	838	0	1223
13:40:00	49200	1596	1399	0	19600	651	594	0	18237	945	805	0	1363
13:45:00	49500	1684	1678	0	19606	586	758	0	18065	1098	920	0	1541
13:50:00	49800	1047	1052	0	19601	474	212	0	18327	573	840	0	1274
13:55:00	50100	645	671	0	19575	341	0	0	18668	304	671	0	907
14:00:00	50400	1306	1177	0	19704	558	410	0	18816	748	767	0	888
14:05:00	50700	1893	1595	0	20002	747	770	0	18793	1146	825	0	1209
14:10:00	51000	1554	1376	0	20180	618	578	0	18833	936	798	0	1347
14:15:00	51300	1729	1691	0	20218	607	792	0	18648	1122	899	0	1570
14:20:00	51600	1028	1106	0	20140	476	235	0	18889	552	871	0	1251
14:25:00	51900	676	638	0	20178	312	0	0	19201	364	638	0	977
14:30:00	52200	1280	1170	0	20288	567	365	0	19403	713	805	0	885
14:35:00	52500	1856	1600	0	20544	737	783	0	19357	1119	817	0	1187
14:40:00	52800	1518	1322	0	20740	615	561	0	19411	903	761	0	1329
14:45:00	53100	1687	1668	0	20759	610	758	0	19263	1077	910	0	1496
14:50:00	53400	1038	1047	0	20750	452	215	0	19500	586	832	0	1250
14:55:00	53700	664	619	0	20795	317	0	0	19817	347	619	0	978
15:00:00	54000	1308	1181	0	20922	580	396	0	20001	728	785	0	921
15:05:00	54300	1963	1669	0	21216	785	807	0	19979	1178	862	0	1237
15:10:00	54600	1538	1344	0	21410	619	571	0	20027	919	773	0	1383
15:15:00	54900	1658	1620	0	21448	568	727	0	19868	1090	893	0	1580
15:20:00	55200	1106	1145	0	21409	510	254	0	20124	596	891	0	1285
15:25:00	55500	673	672	0	21410	332	0	0	20456	341	672	0	954
15:30:00	55800	1260	1165	0	21505	554	382	0	20628	706	783	0	877
15:35:00	56100	1811	1584	0	21732	716	784	0	20560	1095	800	0	1172
15:40:00	56400	1536	1359	0	21909	644	573	0	20631	892	786	0	1278
15:45:00	56700	1633	1625	0	21917	550	737	0	20444	1083	888	0	1473
15:50:00	57000	1000	1068	0	21849	455	229	0	20670	545	839	0	1179
15:55:00	57300	648	606	0	21891	310	0	0	20980	338	606	0	911
16:00:00	57600	1244	1138	0	21997	546	372	0	21154	698	766	0	843
16:05:00	57900	1874	1612	0	22259	755	788	0	21121	1119	824	0	1138
16:10:00	58200	1518	1346	0	22431	619	575	0	21165	899	771	0	1266
16:15:00	58500	1650	1614	0	22467	566	741	0	20990	1084	873	0	1477
16:20:00	58800	1042	1059	0	22450	457	231	0	21216	585	828	0	1234
16:25:00	59100	653	654	0	22449	322	0	0	21538	331	654	0	911
16:30:00	59400	1236	1086	0	22599	529	370	0	21697	707	716	0	902
16:35:00	59700	1887	1610	0	22876	760	777	0	21680	1127	833	0	1196
16:40:00	60000	1548	1342	0	23082	609	564	0	21725	939	778	0	1357
16:45:00	60300	1702	1666	0	23118	589	730	0	21584	1113	936	0	1534
16:50:00	60600	1094	1067	0	23145	484	243	0	21825	610	824	0	1320
16:55:00	60900	748	684	0	23209	362	0	0	22187	386	684	0	1022
17:00:00	61200	1290	1169	0	23330	583	366	0	22404	707	803	0	926
17:05:00	61500	1910	1646	0	23594	778	801	0	22381	1132	845	0	1213
17:10:00	61800	1531	1382	0	23743	647	574	0	22454	884	808	0	1289
17:15:00	62100	1661	1620	0	23784	583	721	0	22316	1078	899	0	1468
17:20:00	62400	1015	1023	0	23776	443	225	0	22534	572	798	0	1242
17:25:00	62700	636	632	0	23780	312	0	0	22846	324	632	0	934
17:30:00	63000	1196	1060	0	23916	511	338	0	23019	685	722	0	897
17:35:00	63300	1932	1669	0	24179	773	820	0	22972	1159	849	0	1207
17:40:00	63600	1535	1328	0	24386	631	565	0	23038	904	763	0	1348
17:45:00	63900	1669	1668	0	24387	598	738	0	22898	1071	930	0	1489
17:50:00	64200	1038	1070	0	24355	457	231	0	23124	581	839	0	1231
17:55:00	64500	689	625	0	24419	326	0	0	23450	363	625	0	969
18:00:00	64800	1248	1126	0	24541	533	376	0	23607	715	750	0	934
18:05:00	65100	1951	1671	0	24821	785	785	0	23607	1166	886	0	1214
18:10:00	65400	1556	1350	0	25027	634	555	0	23686	922	795	0	1341
18:15:00	65700	1775	1725	0	25077	623	795	0	23514	1152	930	0	1563
18:20:00	66000	1064	1065	0	25076	494	220	0	23788	570	845	0	1288
18:25:00	66300	699	680	0	25095	338	0	0	24126	361	680	0	969
18:30:00	66600	1237	1133	0	25199	551	365	0	24312	686	768	0	887
18:35:00	66900	1893	1627	0	25465	761	789	0	24284	1132	838	0	1181
18:40:00	67200	1520	1346	0	25639	614	572	0	24326	906	774	0	1313
18:45:00	67500	1608	1597	0	25650	560	744	0	24142	1048	853	0	1508
18:50:00	67800	1030	1034	0	25646	463	212	0	24393	567	822	0	1253
18:55:00	68100	700	703	0	25643	344	0	0	24737	356	703	0	906
19:00:00	68400	1255	1077	0	25821	542	353	0	24926	713	724	0	895
19:05:00	68700	1935	1646	0	26110	735	836	0	24825	1200	810	0	1285
19:10:00	69000	1605	1422	0	26293	684	566	0	24943	921	856	0	1350
19:15:00	69300	1643	1619	0	26317	551	737	0	24757	1092	882	0	1560
19:20:00	69600	1103	1121	0	26299	515	236	0	25036	588	885	0	1263
19:25:00	69900	676	669	0	26306	341	0	0	25377	335	669	0	929
19:30:00	70200	1361	1166	0	26501	600	380	0	25597	761	786	0	904
19:35:00	70500	1905	1641	0	26765	791	779	0	25609	1114	862	0	1156
19:40:00	70800	1525	1341	0	26949	591	592	0	25608	934	749	0	1341
19:45:00	71100	1735	1682	0	27002	613	763	0	25458	1122	919	0	1544
19:50:00	71400	1045	1073	0	26974	468	228	0	25698	577	845	0	1276
19:55:00	71700	715	689	0	27000	352	0	0	26050	363	689	0	950
20:00:00	72000	1269	1112	0	27157	569	358	0	26261	700	754	0	896
20:05:00	72300	1905	1679	0	27383	776	806	0	26231	1129	873	0	1152
20:10:00	72600	1542	1365	0	27560	622	579	0	26274	920	786	0	1286
20:15:00	72900	1744	1674	0	27630	597	772	0	26099	1147	902	0	1531
20:20:00	73200	1023	1072	0	27581	463	227	0	26335	560	845	0	1246
20:25:00	73500	694	652	0	27623	344	0	0	26679	350	652	0	944
20:30:00	73800	1260	1096	0	27787	545	358	0	26866	715	738	0	921
20:35:00	74100	1975	1692	0	28070	798	812	0	26852	1177	880	0	1218
20:40:00	74400	1575	1384	0	28261	654	577	0	26929	921	807	0	1332
20:45:00	74700	1711	1667	0	28305	598	766	0	26761	1113	901	0	1544
20:50:00	75000	1130	1168	0	28267	506	260	0	27007	624	908	0	1260
20:55:00	75300	678	653	0	28292	327	0	0	27334	351	653	0	958
21:00:00	75600	1290	1145	0	28437	568	373	0	27529	722	772	0	908
21:05:00	75900	1930	1683	0	28684	785	813	0	27501	1145	870	0	1183
21:10:00	76200	1579	1375	0	28888	637	582	0	27556	942	793	0	1332
21:15:00	76500	1774	1710	0	28952	584	780	0	27360	1190	930	0	1592
21:20:00	76800	1053	1046	0	28959	468	231	0	27597	585	815	0	1362
21:25:00	77100	667	726	0	28900	365	0	0	27962	302	726	0	938
21:30:00	77400	1260	1106	0	29054	548	354	0	28156	712	752	0	898
21:35:00	77700	1915	1626	0	29343	749	809	0	28096	1166	817	0	1247
21:40:00	78000	1525	1377	0	29491	619	583	0	28132	906	794	0	1359
21:45:00	78300	1716	1701	0	29506	614	744	0	28002	1102	957	0	1504
21:50:00	78600	1031	1068	0	29469	459	234	0	28227	572	834	0	1242
21:55:00	78900	672	619	0	29522	317	0	0	28544	355	619	0	978
22:00:00	79200	1260	1107	0	29675	555	334	0	28765	705	773	0	910
22:05:00	79500	1857	1603	0	29929	755	765	0	28755	1102	838	0	1174
22:10:00	79800	1537	1345	0	30121	626	580	0	28801	911	765	0	1320
22:15:00	80100	1667	1623	0	30165	590	730	0	28661	1077	893	0	1504
22:20:00	80400	1087	1091	0	30161	486	238	0	28909	601	853	0	1252
22:25:00	80700	676	635	0	30202	325	0	0	29234	351	635	0	968
22:30:00	81000	1284	1127	0	30359	579	364	0	29449	705	763	0	910
22:35:00	81300	1913	1675	0	30597	765	813	0	29401	1148	862	0	1196
22:40:00	81600	1502	1336	0	30763	630	548	0	29483	872	788	0	1280
22:45:00	81900	1698	1661	0	30800	580	783	0	29280	1118	878	0	1520
22:50:00	82200	1022	1093	0	30729	442	240	0	29482	580	853	0	1247
22:55:00	82500	671	638	0	30762	310	0	0	29792	361	638	0	970
23:00:00	82800	1198	1107	0	30853	521	364	0	29949	677	743	0	904
23:05:00	83100	1921	1637	0	31137	758	795	0	29912	1163	842	0	1225
23:10:00	83400	1553	1343	0	31347	631	553	0	29990	922	790	0	1357
23:15:00	83700	1660	1647	0	31360	561	765	0	29786	1099	882	0	1574
23:20:00	84000	1071	1112	0	31319	498	215	0	30069	573	897	0	1250
23:25:00	84300	698	661	0	31356	329	0	0	30398	369	661	0	958
23:30:00	84600	1285	1124	0	31517	562	368	0	30592	723	756	0	925
23:35:00	84900	1815	1571	0	31761	738	758	0	30572	1077	813	0	1189
23:40:00	85200	1545	1339	0	31967	643	552	0	30663	902	787	0	1304
23:45:00	85500	1691	1671	0	31987	583	761	0	30485	1108	910	0	1502
23:50:00	85800	1048	1042	0	31993	460	228	0	30717	588	814	0	1276
23:55:00	86100	699	650	0	32042	345	0	0	31062	354	650	0	980
24:00:00	86400	906	1128	0	31820	527	379	0	31210	379	749	0	610
24:05:00	86700	1495	1576	0	31739	666	829	0	31047	829	747	0	692
24:10:00	87000	896	1058	0	31577	373	523	0	30897	523	535	0	680
24:15:00	87300	913	1265	0	31225	231	682	0	30446	682	583	0	779
24:20:00	87600	219	571	0	30873	75	144	0	30377	144	427	0	496
24:25:00	87900	0	315	0	30558	0	0	0	30377	0	315	0	181
24:30:00	88200	430	605	0	30383	125	305	0	30197	305	300	0	186
24:35:00	88500	1083	1137	0	30329	343	740	0	29800	740	397	0	529
24:40:00	88800	671	843	0	30157	199	472	0	29527	472	371	0	630
24:45:00	89100	582	878	0	29861	76	506	0	29097	506	372	0	764
24:50:00	89400	92	432	0	29521	25	67	0	29055	67	365	0	466
24:55:00	89700	0	298	0	29223	0	0	0	29055	0	298	0	168
25:00:00	90000	318	469	0	29072	101	217	0	28939	217	252	0	133
25:05:00	90300	1124	1177	0	29019	377	747	0	28569	747	430	0	450
25:10:00	90600	657	804	0	28872	190	467	0	28292	467	337	0	580
25:15:00	90900	533	825	0	28580	72	461	0	27903	461	364	0	677
25:20:00	91200	87	378	0	28289	22	65	0	27860	65	313	0	429
25:25:00	91500	0	278	0	28011	0	0	0	27860	0	278	0	151
25:30:00	91800	329	472	0	27868	99	230	0	27729	230	242	0	139
25:35:00	92100	1140	1187	0	27821	376	764	0	27341	764	423	0	480
25:40:00	92400	566	725	0	27662	163	403	0	27101	403	322	0	561
25:45:00	92700	491	789	0	27364	44	447	0	26698	447	342	0	666
25:50:00	93000	70	348	0	27086	17	53	0	26662	53	295	0	424
25:55:00	93300	0	269	0	26817	0	0	0	26662	0	269	0	155
26:00:00	93600	0	1	26816	0	0	0	26662	0	0	1	154	0
26:05:00	93900	0	0	0	0	0	0	0	0	0	0	0	0
26:10:00	94200	0	0	0	0	0	0	0	0	0	0	0	0
26:15:00	94500	0	0	0	0	0	0	0	0	0	0	0	0
26:20:00	94800	0	0	0	0	0	0	0	0	0	0	0	0
26:25:00	95100	0	0	0	0	0	0	0	0	0	0	0	0
26:30:00	95400	0	0	0	0	0	0	0	0	0	0	0	0
26:35:00	95700	0	0	0	0	0	0	0	0	0	0	0	0
26:40:00	96000	0	0	0	0	0	0	0	0	0	0	0	0
26:45:00	96300	0	0	0	0	0	0	0	0	0	0	0	0
26:50:00	96600	0	0	0	0	0	0	0	0	0	0	0	0
26:55:00	96900	0	0	0	0	0	0	0	0	0	0	0	0
27:00:00	97200	0	0	0	0	0	0	0	0	0	0	0	0
27:05:00	97500	0	0	0	0	0	0	0	0	0	0	0	0
27:10:00	97800	0	0	0	0	0	0	0	0	0	0	0	0
27:15:00	98100	0	0	0	0	0	0	0	0	0	0	0	0
27:20:00	98400	0	0	0	0	0	0	0	0	0	0	0	0
27:25:00	98700	0	0	0	0	0	0	0	0	0	0	0	0
27:30:00	99000	0	0	0	0	0	0	0	0	0	0	0	0
27:35:00	99300	0	0	0	0	0	0	0	0	0	0	0	0
27:40:00	99600	0	0	0	0	0	0	0	0	0	0	0	0
27:45:00	99900	0	0	0	0	0	0	0	0	0	0	0	0
27:50:00	100200	0	0	0	0	0	0	0	0	0	0	0	0
27:55:00	100500	0	0	0	0	0	0	0	0	0	0	0	0
28:00:00	100800	0	0	0	0	0	0	0	0	0	0	0	0
28:05:00	101100	0	0	0	0	0	0	0	0	0	0	0	0
28:10:00	101400	0	0	0	0	0	0	0	0	0	0	0	0
28:15:00	101700	0	0	0	0	0	0	0	0	0	0	0	0
28:20:00	102000	0	0	0	0	0	0	0	0	0	0	0	0
28:25:00	102300	0	0	0	0	0	0	0	0	0	0	0	0
28:30:00	102600	0	0	0	0	0	0	0	0	0	0	0	0
28:35:00	102900	0	0	0	0	0	0	0	0	0	0	0	0
28:40:00	103200	0	0	0	0	0	0	0	0	0	0	0	0
28:45:00	103500	0	0	0	0	0	0	0	0	0	0	0	0
28:50:00	103800	0	0	0	0	0	0	0	0	0	0	0	0
28:55:00	104100	0	0	0	0	0	0	0	0	0	0	0	0
29:00:00	104400	0	0	0	0	0	0	0	0	0	0	0	0
29:05:00	104700	0	0	0	0	0	0	0	0	0	0	0	0
29:10:00	105000	0	0	0	0	0	0	0	0	0	0	0	0
29:15:00	105300	0	0	0	0	0	0	0	0	0	0	0	0
29:20:00	105600	0	0	0	0	0	0	0	0	0	0	0	0
29:25:00	105900	0	0	0	0	0	0	0	0	0	0	0	0
29:30:00	106200	0	0	0	0	0	0	0	0	0	0	0	0
29:35:00	106500	0	0	0	0	0	0	0	0	0	0	0	0
29:40:00	106800	0	0	0	0	0	0	0	0	0	0	0	0
29:45:00	107100	0	0	0	0	0	0	0	0	0	0	0	0
29:50:00	107400	0	0	0	0	0	0	0	0	0	0	0	0
29:55:00	107700	0	0	0	0	0	0	0	0	0	0	0	0
30:00:00	108000	0	0	0	0	0	0	0	0	0	0	0	0
30:05:00	108300	0	0	0	0	0	0	0	0	0	0	0	0
